-1 1 1 -1 -1 -1 -1 1 -1 1 -1 -1 -1 -1 1 -1 1 1 1 1 1 -1 1 1 -1 1 -1 -1 1 1 1 -1
-1 -1 -1 1 1 -1 1 -1 1 1 1 1 1 -1 -1 -1 -1 1 -1 1 -1 -1 -1 -1 1 -1 1 -1 1 -1 1 1
-1 1 1 1 1 1 -1 1 -1 1 -1 -1 -1 1 -1 1 -1 -1 -1 -1 -1 -1 1 1 1 -1 1 -1 1 1 -1 -1
-1 1 1 -1 -1 -1 -1 -1 1 -1 1 -1 -1 1 1 1 1 1 1 -1 1 -1 -1 1 -1 -1 1 1 -1 -1 1 1
-1 1 1 -1 1 -1 -1 1 -1 1 -1 -1 -1 -1 1 -1 -1 -1 -1 -1 -1 1 1 1 1 -1 1 1 1 -1 1 1
1 1 1 1 1 1 -1 -1 -1 -1 -1 -1 1 1 1 1 1 1 1 -1 -1 -1 1 1 -1 -1 -1 1 1 1 -1 1
1 -1 1 1 1 -1 1 -1 -1 1 1 1 -1 -1 -1 1 -1 -1 -1 -1 1 -1 -1 1 1 1 1 -1 1 1 1 -1
1 1 -1 1 1 -1 -1 1 -1 1 1 1 -1 -1 1 -1 -1 -1 -1 1 1 1 1 -1 1 -1 1 -1 1 -1 -1 -1
1 -1 -1 1 1 1 1 -1 -1 -1 -1 -1 -1 -1 -1 1 1 -1 1 -1 -1 -1 -1 1 -1 1 -1 1 1 -1 1 -1
1 1 1 -1 -1 1 -1 1 -1 -1 1 1 -1 1 -1 1 -1 -1 -1 1 -1 -1 -1 1 1 -1 -1 1 1 -1 1 -1
1 -1 1 -1 -1 -1 1 -1 1 -1 1 1 -1 1 -1 1 -1 -1 1 -1 1 1 1 -1 -1 -1 -1 -1 1 1 1 1
1 1 1 1 1 1 1 -1 -1 -1 -1 -1 1 -1 1 -1 1 -1 -1 -1 -1 1 1 1 -1 -1 1 -1 1 -1 1 1
1 -1 -1 1 1 -1 -1 -1 -1 -1 1 1 -1 -1 1 -1 1 -1 1 -1 -1 -1 -1 1 -1 -1 1 1 -1 -1 -1 -1
-1 -1 -1 -1 1 -1 1 1 -1 1 1 -1 -1 -1 1 -1 1 -1 1 1 -1 1 1 -1 -1 1 -1 -1 -1 1 -1 -1
1 -1 -1 1 1 -1 1 -1 -1 1 1 1 1 1 -1 1 -1 -1 1 1 -1 -1 -1 1 -1 -1 -1 -1 1 1 1 1
-1 1 1 -1 -1 1 1 -1 1 1 -1 -1 -1 -1 1 -1 -1 -1 -1 1 1 1 1 -1 -1 1 -1 -1 -1 -1 -1 1
1 -1 -1 1 1 1 1 -1 1 -1 1 1 1 1 -1 1 -1 -1 1 -1 1 -1 1 1 -1 1 -1 1 1 1 -1 -1
1 1 1 1 -1 -1 -1 -1 -1 1 -1 1 -1 -1 1 1 -1 -1 1 -1 -1 -1 1 1 1 -1 -1 1 1 1 -1 1
1 -1 -1 1 -1 -1 -1 -1 1 -1 -1 -1 1 -1 1 1 1 -1 -1 -1 -1 -1 -1 1 1 1 1 1 1 -1 1 1
1 1 -1 1 1 1 1 1 -1 1 -1 1 1 -1 1 -1 1 1 1 1 -1 1 1 -1 -1 1 -1 -1 -1 -1 -1 -1
-1 1 1 -1 -1 -1 1 -1 -1 1 -1 -1 -1 -1 -1 1 1 -1 1 1 1 1 1 -1 -1 1 -1 -1 -1 -1 -1 -1
1 -1 1 1 -1 1 1 -1 -1 -1 -1 -1 -1 1 -1 1 1 -1 1 -1 -1 -1 -1 1 1 -1 1 1 1 1 1 1
-1 1 -1 -1 -1 -1 -1 1 1 -1 -1 -1 -1 -1 1 1 1 1 1 1 1 1 1 -1 1 1 -1 -1 1 1 1 -1
1 1 -1 1 -1 -1 -1 1 -1 -1 1 1 -1 -1 1 -1 1 1 1 1 1 1 1 -1 -1 1 -1 -1 -1 -1 -1 -1
-1 1 1 -1 -1 -1 -1 1 -1 -1 1 -1 -1 1 1 1 1 1 -1 1 -1 1 1 -1 -1 -1 -1 -1 1 -1 1 1
1 1 1 1 -1 1 -1 1 -1 -1 1 1 -1 1 1 1 -1 1 -1 1 -1 -1 -1 1 -1 1 1 1 1 -1 1 1
1 -1 1 -1 -1 -1 -1 -1 1 1 1 1 1 1 -1 1 -1 -1 1 1 -1 -1 -1 1 -1 1 -1 -1 1 -1 1 -1
1 -1 1 1 1 -1 1 -1 1 -1 1 1 -1 1 -1 -1 1 -1 -1 -1 1 1 -1 1 -1 1 1 1 -1 -1 -1 -1
1 -1 -1 1 1 1 -1 1 1 1 1 -1 -1 -1 1 -1 -1 -1 -1 -1 1 1 1 -1 1 -1 -1 -1 -1 1 -1 -1
1 1 1 1 1 1 -1 -1 1 -1 -1 1 1 1 -1 1 -1 1 1 1 -1 -1 -1 1 -1 1 1 1 1 -1 1 -1
1 -1 1 1 -1 1 1 -1 1 -1 1 -1 1 1 -1 1 -1 -1 1 1 1 -1 1 -1 -1 -1 1 -1 1 1 1 1
1 -1 -1 1 -1 -1 -1 1 1 -1 1 1 1 1 -1 1 -1 -1 -1 -1 -1 -1 -1 1 1 -1 1 1 1 1 1 -1
17.145593035676
12.76709169645185
10.864894367405666
9.670004140524066
8.73483089335258
7.091241172009577
6.3074570981198885
6.170746898135255
6.030163367515547
5.76470224769268
4.575555325016512
4.0379915240470075
3.678157982320231
3.2391604424065403
2.8473581331539224
2.3764100271366697
1.9692367102835564
1.5856989637930323
0.16166860294496924
