1 1 -1 1 1 -1 1 1 -1 1 -1 -1 1 1 -1 1 1 -1 1 -1
-1 1 -1 1 1 -1 1 1 -1 1 -1 -1 1 1 -1 1 1 -1 1 -1
-1 -1 1 1 1 -1 1 1 -1 1 -1 -1 1 1 -1 1 1 -1 1 -1
1 1 -1 1 -1 1 -1 -1 1 -1 1 1 -1 -1 1 -1 -1 1 -1 1
-1 -1 1 -1 -1 -1 1 1 -1 1 -1 -1 1 1 -1 1 1 -1 1 -1
1 1 -1 1 1 1 -1 -1 1 -1 1 1 -1 -1 1 -1 -1 1 -1 1
1 1 -1 1 1 -1 1 -1 1 -1 1 1 -1 -1 1 -1 -1 1 -1 1
-1 -1 1 -1 -1 1 -1 1 -1 1 -1 -1 1 1 -1 1 1 -1 1 -1
1 1 -1 1 1 -1 1 1 -1 -1 1 1 -1 -1 1 -1 -1 1 -1 1
-1 -1 1 -1 -1 1 -1 -1 1 -1 -1 -1 1 1 -1 1 1 -1 1 -1
-1 -1 1 -1 -1 1 -1 -1 1 -1 -1 -1 1 1 -1 1 1 -1 1 -1
-1 -1 1 -1 -1 1 -1 -1 1 -1 1 -1 1 1 -1 1 1 -1 1 -1
1 1 -1 1 1 -1 1 1 -1 1 -1 -1 -1 -1 1 -1 -1 1 -1 1
-1 -1 1 -1 -1 1 -1 -1 1 -1 1 1 -1 1 -1 1 1 -1 1 -1
1 1 -1 1 1 -1 1 1 -1 1 -1 -1 1 1 1 -1 -1 1 -1 1
-1 -1 1 -1 -1 1 -1 -1 1 -1 1 1 -1 -1 1 -1 1 -1 1 -1
1 1 -1 1 1 -1 1 1 -1 1 -1 -1 1 1 -1 1 -1 1 -1 1
-1 -1 1 -1 -1 1 -1 -1 1 -1 1 1 -1 -1 1 -1 -1 -1 1 -1
-1 -1 1 -1 -1 1 -1 -1 1 -1 1 1 -1 -1 1 -1 -1 1 1 -1
-1 -1 1 -1 -1 1 -1 -1 1 -1 1 1 -1 -1 1 -1 -1 1 -1 1
115.32562594670794
115.32562594670794
