1 -1 -1 1 1 1 -1 -1 -1 -1 1 1 -1 -1 -1 -1 -1 -1 -1 -1 1 -1 1 -1 -1 -1 -1 -1 1 -1
1 1 1 1 -1 -1 -1 -1 -1 -1 -1 1 -1 1 1 1 -1 -1 1 -1 1 -1 1 -1 1 1 1 1 1 1
-1 1 1 1 -1 -1 -1 1 1 1 -1 1 -1 1 -1 1 1 1 -1 1 1 1 -1 1 1 -1 -1 -1 -1 -1
-1 1 -1 1 1 1 -1 1 1 -1 -1 -1 1 -1 -1 -1 1 1 1 1 -1 -1 1 -1 1 1 1 1 1 -1
1 -1 1 -1 -1 1 1 -1 1 -1 1 1 1 -1 1 -1 1 1 1 1 1 1 1 -1 1 -1 1 1 -1 1
-1 1 -1 1 1 -1 -1 -1 -1 1 1 -1 -1 1 -1 -1 -1 -1 1 1 -1 1 1 -1 1 1 1 -1 -1 1
1 -1 -1 1 1 -1 1 -1 -1 -1 -1 1 -1 -1 -1 1 1 -1 1 -1 -1 1 -1 -1 -1 1 1 1 -1 -1
1 -1 -1 -1 1 -1 1 1 1 1 -1 -1 -1 -1 -1 -1 1 1 -1 1 -1 1 -1 1 1 -1 -1 1 -1 -1
-1 1 1 -1 1 1 -1 1 1 1 -1 -1 -1 1 -1 -1 1 1 -1 -1 -1 1 1 -1 1 1 1 1 1 -1
-1 1 -1 -1 -1 -1 1 -1 -1 1 -1 -1 1 1 -1 1 -1 1 -1 1 -1 -1 -1 1 -1 -1 -1 1 1 -1
1 -1 -1 -1 -1 1 1 -1 1 -1 1 -1 1 1 -1 1 1 -1 1 1 1 -1 1 -1 -1 1 -1 1 -1 1
1 -1 1 -1 1 -1 -1 -1 1 -1 1 -1 1 1 -1 -1 -1 1 1 1 -1 1 1 1 1 -1 -1 1 1 -1
1 -1 1 1 1 1 1 1 1 1 1 1 -1 1 -1 -1 1 1 1 -1 -1 -1 -1 1 1 -1 1 1 -1 -1
1 -1 -1 1 -1 1 -1 -1 -1 1 -1 1 1 1 -1 1 -1 1 1 -1 1 -1 1 -1 1 1 1 1 -1 -1
-1 1 -1 1 -1 1 1 -1 1 1 1 1 -1 -1 1 1 1 -1 1 -1 -1 -1 -1 -1 1 -1 -1 -1 -1 -1
1 1 1 1 1 1 1 1 1 -1 1 1 -1 1 1 -1 1 1 1 -1 -1 1 1 -1 -1 1 -1 -1 -1 -1
-1 -1 1 -1 1 1 -1 1 1 -1 -1 1 1 -1 1 -1 -1 1 -1 1 -1 1 1 -1 -1 -1 -1 -1 -1 -1
-1 1 1 1 -1 -1 -1 -1 1 -1 1 1 -1 -1 -1 1 1 1 1 -1 1 -1 1 1 1 -1 1 1 -1 1
-1 1 1 -1 -1 1 1 -1 1 -1 -1 1 1 1 -1 -1 1 -1 1 1 -1 -1 -1 1 1 -1 1 -1 1 -1
-1 1 -1 -1 1 -1 -1 1 -1 1 1 1 -1 -1 1 -1 -1 -1 1 -1 1 1 1 1 -1 -1 -1 1 1 -1
1 -1 -1 1 -1 1 1 -1 -1 -1 -1 1 -1 -1 -1 -1 -1 1 -1 1 -1 1 1 -1 -1 -1 -1 -1 -1 1
-1 -1 1 -1 -1 -1 1 1 1 -1 1 -1 -1 -1 1 -1 -1 -1 1 1 1 -1 1 1 -1 -1 1 -1 1 -1
-1 1 1 -1 1 -1 1 -1 -1 -1 1 -1 -1 1 1 -1 -1 -1 -1 -1 -1 1 -1 -1 1 1 1 -1 -1 -1
-1 1 -1 1 -1 1 -1 -1 -1 1 -1 -1 1 1 -1 1 1 -1 1 1 -1 -1 1 -1 -1 1 -1 -1 1 1
1 -1 1 -1 -1 1 -1 1 -1 -1 -1 1 -1 1 1 -1 -1 1 1 -1 -1 1 -1 1 -1 1 1 -1 -1 1
-1 1 1 -1 1 -1 -1 -1 -1 -1 1 -1 -1 -1 -1 1 -1 1 -1 -1 1 1 -1 -1 1 -1 1 1 -1 1
-1 -1 -1 -1 -1 -1 1 1 1 1 1 1 1 -1 -1 1 1 1 1 -1 -1 1 -1 -1 1 -1 -1 -1 -1 1
-1 1 -1 1 1 1 1 1 -1 -1 1 -1 -1 -1 1 -1 -1 -1 1 1 1 1 1 -1 -1 1 1 1 -1 -1
-1 1 -1 -1 -1 -1 1 -1 -1 1 1 -1 1 1 -1 1 -1 1 -1 1 -1 -1 -1 1 -1 -1 -1 1 1 -1
1 -1 -1 -1 -1 -1 1 -1 -1 -1 1 1 1 1 1 1 -1 -1 -1 1 -1 -1 1 -1 -1 -1 -1 -1 -1 1
24.05291590363773
21.54877963368362
19.03758970242771
18.243447636033675
16.23804012740344
15.405754544039405
15.306724242303979
13.637601755625461
12.854256716940665
12.333196535877358
11.851124437148941
10.893246173878907
10.132602910471064
9.695594666654806
9.119019068419824
8.68635616232591
8.103007257616476
7.428513078233579
6.721695108974634
5.720561808453909
5.205664586212002
4.700150131887096
3.807747663980935
2.9425435932768216
2.595402096596659
1.9568772190527688
1.875451601773271
0.8059787238676505
0.002973969817054597
